{
 "cells": [
  {
   "cell_type": "code",
   "execution_count": 87,
   "metadata": {
    "collapsed": true
   },
   "outputs": [],
   "source": [
    "import codecs\n",
    "\n",
    "#過濾社會新聞\n",
    "fo = open(\"C:/Users/orozcohsu/text source/20170424_120002.txt\",'w', encoding='utf-8')\n",
    "\n",
    "with codecs.open('C:/Users/orozcohsu/text source/20170424_120002', 'r',encoding='utf8') as f:\n",
    "    for line in f:\n",
    "        a = line.split(',')\n",
    "        if a[1] == \"社會\":\n",
    "            fo.write((a[5]))\n",
    "fo.close()"
   ]
  },
  {
   "cell_type": "code",
   "execution_count": 88,
   "metadata": {
    "scrolled": true
   },
   "outputs": [
    {
     "name": "stdout",
     "output_type": "stream",
     "text": [
      "(140, 8660)\n",
      "----Document 0----\n",
      "----Document 1----\n",
      "----Document 2----\n",
      "----Document 3----\n",
      "----Document 4----\n",
      "----Document 5----\n",
      "----Document 6----\n",
      "----Document 7----\n",
      "----Document 8----\n",
      "----Document 9----\n",
      "----Document 10----\n",
      "----Document 11----\n",
      "----Document 12----\n",
      "----Document 13----\n",
      "----Document 14----\n",
      "----Document 15----\n",
      "----Document 16----\n",
      "----Document 17----\n",
      "----Document 18----\n",
      "----Document 19----\n",
      "----Document 20----\n",
      "----Document 21----\n",
      "----Document 22----\n",
      "----Document 23----\n",
      "----Document 24----\n",
      "----Document 25----\n",
      "----Document 26----\n",
      "----Document 27----\n",
      "----Document 28----\n",
      "----Document 29----\n",
      "----Document 30----\n",
      "----Document 31----\n",
      "----Document 32----\n",
      "----Document 33----\n",
      "----Document 34----\n",
      "----Document 35----\n",
      "----Document 36----\n",
      "----Document 37----\n",
      "----Document 38----\n",
      "----Document 39----\n",
      "----Document 40----\n",
      "----Document 41----\n",
      "----Document 42----\n",
      "----Document 43----\n",
      "----Document 44----\n",
      "----Document 45----\n",
      "----Document 46----\n",
      "----Document 47----\n",
      "----Document 48----\n",
      "----Document 49----\n",
      "----Document 50----\n",
      "----Document 51----\n",
      "----Document 52----\n",
      "----Document 53----\n",
      "----Document 54----\n",
      "----Document 55----\n",
      "----Document 56----\n",
      "----Document 57----\n",
      "----Document 58----\n",
      "----Document 59----\n",
      "----Document 60----\n",
      "----Document 61----\n",
      "----Document 62----\n",
      "----Document 63----\n",
      "----Document 64----\n",
      "----Document 65----\n",
      "----Document 66----\n",
      "----Document 67----\n",
      "----Document 68----\n",
      "----Document 69----\n",
      "----Document 70----\n",
      "----Document 71----\n",
      "----Document 72----\n",
      "----Document 73----\n",
      "----Document 74----\n",
      "----Document 75----\n",
      "----Document 76----\n",
      "----Document 77----\n",
      "----Document 78----\n",
      "----Document 79----\n",
      "----Document 80----\n",
      "----Document 81----\n",
      "----Document 82----\n",
      "----Document 83----\n",
      "----Document 84----\n",
      "----Document 85----\n",
      "----Document 86----\n",
      "----Document 87----\n",
      "----Document 88----\n",
      "----Document 89----\n",
      "----Document 90----\n",
      "----Document 91----\n",
      "----Document 92----\n",
      "----Document 93----\n",
      "----Document 94----\n",
      "----Document 95----\n",
      "----Document 96----\n",
      "----Document 97----\n",
      "----Document 98----\n",
      "----Document 99----\n",
      "----Document 100----\n",
      "----Document 101----\n",
      "----Document 102----\n",
      "----Document 103----\n",
      "----Document 104----\n",
      "----Document 105----\n",
      "----Document 106----\n",
      "----Document 107----\n",
      "----Document 108----\n",
      "----Document 109----\n",
      "----Document 110----\n",
      "----Document 111----\n",
      "----Document 112----\n",
      "----Document 113----\n",
      "----Document 114----\n",
      "----Document 115----\n",
      "----Document 116----\n",
      "----Document 117----\n",
      "----Document 118----\n",
      "----Document 119----\n",
      "----Document 120----\n",
      "----Document 121----\n",
      "----Document 122----\n",
      "----Document 123----\n",
      "----Document 124----\n",
      "----Document 125----\n",
      "----Document 126----\n",
      "----Document 127----\n",
      "----Document 128----\n",
      "----Document 129----\n",
      "----Document 130----\n",
      "----Document 131----\n",
      "----Document 132----\n",
      "----Document 133----\n",
      "----Document 134----\n",
      "----Document 135----\n",
      "----Document 136----\n",
      "----Document 137----\n",
      "----Document 138----\n",
      "----Document 139----\n"
     ]
    }
   ],
   "source": [
    "# -*- coding: utf-8 -*-\n",
    "import jieba\n",
    "import sys\n",
    "\n",
    "from sklearn import feature_extraction\n",
    "from sklearn.feature_extraction.text import TfidfVectorizer\n",
    "\n",
    "corpus = []\n",
    "with codecs.open('C:/Users/orozcohsu/text source/20170424_120002.txt', 'r',encoding='utf8') as f:\n",
    "    for line in f:\n",
    "        corpus.append(\" \".join(jieba.cut(line.split(',')[0], cut_all=False)))\n",
    "\n",
    "#去除英文網址\n",
    "def isEnglish(s):\n",
    "    try:\n",
    "        s.encode(encoding='utf-8').decode('ascii')\n",
    "    except UnicodeDecodeError:\n",
    "        return False\n",
    "    else:\n",
    "        return True\n",
    "\n",
    "\n",
    "p=0\n",
    "\n",
    "vectorizer = TfidfVectorizer()\n",
    "tfidf = vectorizer.fit_transform(corpus)\n",
    "print(tfidf.shape)\n",
    "\n",
    "words = vectorizer.get_feature_names()\n",
    "word=[]\n",
    "similarity=[]\n",
    "\n",
    "str=\"\"\n",
    "fk = open(\"C:/Users/orozcohsu/text source/20170424_120002_node.tmp.csv\",'w', encoding='utf-8')\n",
    "\n",
    "for i in range(len(corpus)):\n",
    "    print('----Document %d----' % (i))\n",
    "    for j in range(len(words)):\n",
    "        if tfidf[i,j] > 0.05:\n",
    "            if isEnglish(words[j]) == False:\n",
    "                s = '%.4f' % tfidf[i,j]\n",
    "                fk.write('%s,%s,%s\\n' % (p, words[j], s))\n",
    "                word.append(words[j])\n",
    "    del str\n",
    "    fp = open(\"C:/Users/orozcohsu/text source/20170424_120002_\" + str(p) + \".txt\",'w', encoding='utf-8')\n",
    "    #print(word)\n",
    "    str = ' '.join(word)\n",
    "    similarity.append(str)\n",
    "    fp.write(str + \"\\n\")\n",
    "    fp.close()\n",
    "    p=p+1\n",
    "    word=[]\n",
    "\n",
    "fk.close()"
   ]
  },
  {
   "cell_type": "code",
   "execution_count": 89,
   "metadata": {
    "collapsed": true
   },
   "outputs": [],
   "source": [
    "from sklearn.feature_extraction.text import TfidfVectorizer\n",
    "\n",
    "vect = TfidfVectorizer(min_df=1)\n",
    "tfidf = vect.fit_transform(similarity)\n",
    "result = (tfidf * tfidf.T).A"
   ]
  },
  {
   "cell_type": "code",
   "execution_count": 90,
   "metadata": {},
   "outputs": [
    {
     "name": "stdout",
     "output_type": "stream",
     "text": [
      "(140, 140)\n",
      "[[ 1.          0.03146367  0.         ...,  0.0052425   0.0052425   0.        ]\n",
      " [ 0.03146367  1.          0.         ...,  0.0042956   0.0042956   0.        ]\n",
      " [ 0.          0.          1.         ...,  0.00970764  0.00970764\n",
      "   0.02390515]\n",
      " ..., \n",
      " [ 0.0052425   0.0042956   0.00970764 ...,  1.          1.          0.00470762]\n",
      " [ 0.0052425   0.0042956   0.00970764 ...,  1.          1.          0.00470762]\n",
      " [ 0.          0.          0.02390515 ...,  0.00470762  0.00470762  1.        ]]\n"
     ]
    }
   ],
   "source": [
    "print(result.shape)\n",
    "print(result)"
   ]
  },
  {
   "cell_type": "code",
   "execution_count": 91,
   "metadata": {},
   "outputs": [
    {
     "name": "stdout",
     "output_type": "stream",
     "text": [
      "0:7:0.0856554070087\n",
      "0:21:0.0507894973228\n",
      "0:42:0.0644117272543\n",
      "0:57:0.0587495544909\n",
      "0:63:0.0422089604519\n",
      "0:64:0.0583929402865\n",
      "0:77:0.0407725710642\n",
      "0:108:0.0403824314164\n",
      "0:135:0.0517344593234\n",
      "1:75:0.0659799907189\n",
      "1:97:0.0536893641252\n",
      "2:10:0.0729703095225\n",
      "2:14:0.0426914027601\n",
      "2:40:0.0402080799712\n",
      "2:61:0.0821861486967\n",
      "2:80:0.0478718266938\n",
      "2:127:0.0401971925671\n",
      "3:76:0.0434724392196\n",
      "3:83:0.041294986949\n",
      "3:134:0.0685754565728\n",
      "5:77:0.0473388595531\n",
      "6:77:0.0473388595531\n",
      "7:0:0.0856554070087\n",
      "7:25:0.0525806565899\n",
      "7:38:0.0622536356032\n",
      "7:42:0.135339789725\n",
      "7:45:0.159834541866\n",
      "7:64:0.0698662120751\n",
      "7:65:0.0485840291894\n",
      "7:68:0.0814215703956\n",
      "7:69:0.0740138274002\n",
      "7:82:0.0615292505557\n",
      "7:83:0.0651919528107\n",
      "7:86:0.0643054626174\n",
      "7:96:0.0622551943647\n",
      "7:109:0.0942190172961\n",
      "7:111:0.0711185012591\n",
      "7:113:0.0606974608056\n",
      "7:124:0.059534090496\n",
      "7:135:0.0768652661529\n",
      "8:93:0.0441704447215\n",
      "9:18:0.0476575149028\n",
      "9:26:0.0509891974526\n",
      "9:38:0.0838414679231\n",
      "9:58:0.0503897783284\n",
      "9:75:0.0758593377795\n",
      "9:112:0.0506146459482\n",
      "9:123:0.0533389261897\n",
      "9:132:0.0420326519227\n",
      "9:133:0.0449274272136\n",
      "10:2:0.0729703095225\n",
      "10:61:0.0971107697522\n",
      "10:80:0.0526115433816\n",
      "10:82:0.0412948311735\n",
      "10:107:0.0552053872962\n",
      "10:134:0.0403170120008\n",
      "11:26:0.042218968475\n",
      "11:57:0.0517372738026\n",
      "11:62:0.0583765888767\n",
      "11:75:0.0974170828177\n",
      "11:78:0.0494374108244\n",
      "11:79:0.0494374108244\n",
      "11:80:0.0434082470579\n",
      "11:82:0.082198477227\n",
      "11:90:0.0508215023701\n",
      "11:102:0.0683300309005\n",
      "11:108:0.104101279685\n",
      "11:112:0.0611985974765\n",
      "11:115:0.0972477863952\n",
      "11:127:0.0631111791754\n",
      "11:133:0.0581968676021\n",
      "12:38:0.0673715810442\n",
      "12:42:0.0637108545687\n",
      "12:50:0.0424107295264\n",
      "12:63:0.0585354675572\n",
      "12:75:0.0796303099285\n",
      "12:76:0.0423261324972\n",
      "12:86:0.0411418020374\n",
      "12:116:0.0531448577348\n",
      "12:127:0.0434507929538\n",
      "12:133:0.0455378498444\n",
      "13:121:0.0437715739817\n",
      "14:2:0.0426914027601\n",
      "14:61:0.0431372203971\n",
      "14:67:0.0439675589356\n",
      "15:93:0.0441010253196\n",
      "15:128:0.0403098667388\n",
      "16:58:0.0515592970395\n",
      "16:89:0.0439235446126\n",
      "16:90:0.0829726275629\n",
      "16:92:0.0628612675928\n",
      "16:102:0.0444406662985\n",
      "17:58:0.0515592970395\n",
      "17:89:0.0439235446126\n",
      "17:90:0.0829726275629\n",
      "17:92:0.0628612675928\n",
      "17:102:0.0444406662985\n",
      "18:9:0.0476575149028\n",
      "18:34:0.0773425492368\n",
      "18:68:0.0768625386508\n",
      "18:106:0.0518792671859\n",
      "18:114:0.0449705644479\n",
      "20:93:0.123030931764\n",
      "21:0:0.0507894973228\n",
      "21:49:0.135249848278\n",
      "21:67:0.0435849910322\n",
      "21:77:0.041554164169\n",
      "21:126:0.0724725668359\n",
      "21:128:0.0695714424761\n",
      "21:129:0.0818467568005\n",
      "22:23:0.0740960160907\n",
      "22:32:0.0422226961699\n",
      "22:54:0.0497570476264\n",
      "22:86:0.0458130360301\n",
      "22:91:0.0850352971864\n",
      "22:95:0.047098688934\n",
      "22:109:0.12668014033\n",
      "22:113:0.0429833688425\n",
      "23:22:0.0740960160907\n",
      "23:24:0.0478276919253\n",
      "23:25:0.164415037509\n",
      "23:26:0.0407575317425\n",
      "23:30:0.155874384556\n",
      "23:35:0.0543713762209\n",
      "23:37:0.0872546562594\n",
      "23:42:0.0450285117863\n",
      "23:45:0.0525423832317\n",
      "23:48:0.0412174222699\n",
      "23:52:0.0405455235619\n",
      "23:84:0.0946862674537\n",
      "23:86:0.12592031851\n",
      "23:117:0.0439674630022\n",
      "23:118:0.0439674630022\n",
      "24:23:0.0478276919253\n",
      "24:25:0.102299790554\n",
      "24:30:0.0874609246161\n",
      "24:35:0.0492005012215\n",
      "24:37:0.0430843107871\n",
      "24:81:0.0403842313538\n",
      "24:84:0.0779219612614\n",
      "24:86:0.0547512107209\n",
      "25:7:0.0525806565899\n",
      "25:23:0.164415037509\n",
      "25:24:0.102299790554\n",
      "25:30:0.247154626326\n",
      "25:35:0.0446914974177\n",
      "25:37:0.128397388053\n",
      "25:38:0.0524977847282\n",
      "25:40:0.0456720689891\n",
      "25:45:0.0454582264561\n",
      "25:63:0.0475651185002\n",
      "25:84:0.232367778164\n",
      "25:86:0.192079724095\n",
      "25:94:0.0431355702672\n",
      "25:96:0.0537786316497\n",
      "26:9:0.0509891974526\n",
      "26:11:0.042218968475\n",
      "26:23:0.0407575317425\n",
      "26:55:0.0473293833591\n",
      "26:58:0.0838203580766\n",
      "26:65:0.0683171881404\n",
      "26:75:0.0550490666933\n",
      "26:80:0.0412704972661\n",
      "26:102:0.0647564524881\n",
      "26:112:0.0753744878612\n",
      "26:123:0.0417561063919\n",
      "26:130:0.0444378254334\n",
      "26:133:0.0975613610076\n",
      "26:136:0.0441988892132\n",
      "27:47:0.047035192624\n",
      "27:84:0.0524731267458\n",
      "30:23:0.155874384556\n",
      "30:24:0.0874609246161\n",
      "30:25:0.247154626326\n",
      "30:35:0.222433769983\n",
      "30:37:0.147362906023\n",
      "30:39:0.156167622652\n",
      "30:45:0.043367295604\n",
      "30:84:0.160460902197\n",
      "30:86:0.198725530466\n",
      "32:22:0.0422226961699\n",
      "33:71:0.0459373309736\n",
      "33:91:0.14305997894\n",
      "33:120:0.0475634265151\n",
      "34:18:0.0773425492368\n",
      "34:35:0.042790887688\n",
      "34:37:0.0476002892317\n",
      "34:43:0.0562286237665\n",
      "34:47:0.0946709943652\n",
      "34:86:0.0570564145636\n",
      "34:116:0.0436173912292\n",
      "35:23:0.0543713762209\n",
      "35:24:0.0492005012215\n",
      "35:25:0.0446914974177\n",
      "35:30:0.222433769983\n",
      "35:34:0.042790887688\n",
      "35:37:0.0870641375567\n",
      "35:39:0.0425296450871\n",
      "35:84:0.0926924413213\n",
      "35:86:0.108687150955\n",
      "36:52:0.599978617769\n",
      "37:23:0.0872546562594\n",
      "37:24:0.0430843107871\n",
      "37:25:0.128397388053\n",
      "37:30:0.147362906023\n",
      "37:34:0.0476002892317\n",
      "37:35:0.0870641375567\n",
      "37:45:0.0432809151764\n",
      "37:63:0.0420640671178\n",
      "37:84:0.107444676321\n",
      "37:86:0.184915773572\n",
      "37:116:0.0656162646911\n",
      "38:7:0.0622536356032\n",
      "38:9:0.0838414679231\n",
      "38:12:0.0673715810442\n",
      "38:25:0.0524977847282\n",
      "38:42:0.0591686736166\n",
      "38:45:0.0749890935463\n",
      "38:61:0.0472829769353\n",
      "38:75:0.0626267587254\n",
      "38:85:0.040561478407\n",
      "38:99:0.0410561429537\n",
      "38:111:0.0629573787995\n",
      "39:30:0.156167622652\n",
      "39:35:0.0425296450871\n",
      "39:84:0.0446165533214\n",
      "39:86:0.0825753880162\n",
      "40:2:0.0402080799712\n",
      "40:25:0.0456720689891\n",
      "40:53:0.0645194768192\n",
      "40:67:0.092108138999\n",
      "40:69:0.0483150109135\n",
      "40:78:0.0806825179341\n",
      "40:79:0.0806825179341\n",
      "40:110:0.0562474171987\n",
      "41:45:0.041252638198\n",
      "41:62:0.041397622044\n",
      "41:75:0.0538953133457\n",
      "41:99:0.0428902304439\n",
      "41:108:0.0803285136696\n",
      "41:115:0.0661445766875\n",
      "42:0:0.0644117272543\n",
      "42:7:0.135339789725\n",
      "42:12:0.0637108545687\n",
      "42:23:0.0450285117863\n",
      "42:38:0.0591686736166\n",
      "42:45:0.118173940348\n",
      "42:48:0.045257419316\n",
      "42:64:0.0570742704092\n",
      "42:68:0.0918099348086\n",
      "42:82:0.0830034689882\n",
      "42:83:0.0837830433203\n",
      "42:86:0.0520583013287\n",
      "42:102:0.0402606682449\n",
      "42:109:0.0848978376092\n",
      "42:135:0.0615198647197\n",
      "43:34:0.0562286237665\n",
      "43:47:0.0422208094161\n",
      "43:94:0.0412156278046\n",
      "43:133:0.0477018709882\n",
      "44:61:0.0423221385203\n",
      "44:122:0.0825404575062\n",
      "45:7:0.159834541866\n",
      "45:23:0.0525423832317\n",
      "45:25:0.0454582264561\n",
      "45:30:0.043367295604\n",
      "45:37:0.0432809151764\n",
      "45:38:0.0749890935463\n",
      "45:41:0.041252638198\n",
      "45:42:0.118173940348\n",
      "45:49:0.0586400535918\n",
      "45:56:0.0463340042484\n",
      "45:68:0.0591873388184\n",
      "45:69:0.04556588726\n",
      "45:78:0.0434847552503\n",
      "45:79:0.0434847552503\n",
      "45:82:0.0944584454612\n",
      "45:83:0.0456016878338\n",
      "45:86:0.0719952044982\n",
      "45:94:0.0417063005726\n",
      "45:96:0.0709638587808\n",
      "45:103:0.0491732167017\n",
      "45:104:0.0491732167017\n",
      "45:111:0.0433967212277\n",
      "45:116:0.0529891077138\n",
      "47:27:0.047035192624\n",
      "47:34:0.0946709943652\n",
      "47:43:0.0422208094161\n",
      "48:23:0.0412174222699\n",
      "48:42:0.045257419316\n",
      "48:64:0.0630009487752\n",
      "48:86:0.0447525435302\n",
      "49:21:0.135249848278\n",
      "49:45:0.0586400535918\n",
      "49:126:0.0461495359803\n",
      "49:128:0.0594066138091\n",
      "50:12:0.0424107295264\n",
      "50:55:0.0415761908934\n",
      "50:116:0.0411882072229\n",
      "51:57:0.046548188077\n",
      "52:23:0.0405455235619\n",
      "52:36:0.599978617769\n",
      "52:111:0.0402366568498\n",
      "52:117:0.0407133509307\n",
      "52:118:0.0407133509307\n",
      "53:40:0.0645194768192\n",
      "54:22:0.0497570476264\n",
      "54:123:0.086912334358\n",
      "55:26:0.0473293833591\n",
      "55:50:0.0415761908934\n",
      "55:130:0.0443617838245\n",
      "55:132:0.0582077338014\n",
      "55:133:0.0743832147075\n",
      "56:45:0.0463340042484\n",
      "56:86:0.0485820499325\n",
      "56:96:0.310266307345\n",
      "56:108:0.0598755114414\n",
      "57:0:0.0587495544909\n",
      "57:11:0.0517372738026\n",
      "57:51:0.046548188077\n",
      "57:62:0.0746978336226\n",
      "57:82:0.0433135933273\n",
      "57:103:0.0609006364101\n",
      "57:104:0.0609006364101\n",
      "57:115:0.0405615909935\n",
      "57:127:0.0543391145461\n",
      "58:9:0.0503897783284\n",
      "58:16:0.0515592970395\n",
      "58:17:0.0515592970395\n",
      "58:26:0.0838203580766\n",
      "58:61:0.0675803981465\n",
      "58:65:0.0922655752374\n",
      "58:75:0.0499967941172\n",
      "58:80:0.0808282209337\n",
      "58:92:0.0521341559662\n",
      "58:112:0.123126293474\n",
      "58:113:0.0408421535768\n",
      "58:116:0.0402516611896\n",
      "58:123:0.0419887396061\n",
      "58:127:0.0461029271869\n",
      "58:130:0.0689700430996\n",
      "58:132:0.0431771770081\n",
      "58:133:0.122906226749\n",
      "59:84:0.0500747611303\n",
      "59:86:0.0498799036378\n",
      "61:2:0.0821861486967\n",
      "61:10:0.0971107697522\n",
      "61:14:0.0431372203971\n",
      "61:38:0.0472829769353\n",
      "61:44:0.0423221385203\n",
      "61:58:0.0675803981465\n",
      "61:62:0.045358062879\n",
      "61:65:0.0539902298749\n",
      "61:66:0.0417846578077\n",
      "61:80:0.0486567115486\n",
      "61:109:0.0467848785316\n",
      "61:127:0.0599837607643\n",
      "62:11:0.0583765888767\n",
      "62:41:0.041397622044\n",
      "62:57:0.0746978336226\n",
      "62:61:0.045358062879\n",
      "62:90:0.16445842373\n",
      "62:102:0.0616006796359\n",
      "62:111:0.0402079300099\n",
      "62:113:0.0424501181358\n",
      "62:127:0.0644914277074\n",
      "63:0:0.0422089604519\n",
      "63:12:0.0585354675572\n",
      "63:25:0.0475651185002\n",
      "63:37:0.0420640671178\n",
      "63:69:0.0552497312958\n",
      "63:108:0.0462762032464\n",
      "63:113:0.0408743411391\n",
      "64:0:0.0583929402865\n",
      "64:7:0.0698662120751\n",
      "64:42:0.0570742704092\n",
      "64:48:0.0630009487752\n",
      "64:86:0.045664343023\n",
      "64:111:0.0427776563616\n",
      "65:7:0.0485840291894\n",
      "65:26:0.0683171881404\n",
      "65:58:0.0922655752374\n",
      "65:61:0.0539902298749\n",
      "65:80:0.116472469467\n",
      "65:117:0.0500046971863\n",
      "65:118:0.0500046971863\n",
      "65:130:0.0440223987096\n",
      "65:132:0.0537930557921\n",
      "65:133:0.0483174669143\n",
      "65:134:0.0401763790365\n",
      "66:61:0.0417846578077\n",
      "67:14:0.0439675589356\n",
      "67:21:0.0435849910322\n",
      "67:40:0.092108138999\n",
      "67:106:0.0619879646876\n",
      "67:128:0.0418255253818\n",
      "68:7:0.0814215703956\n",
      "68:18:0.0768625386508\n",
      "68:42:0.0918099348086\n",
      "68:45:0.0591873388184\n",
      "68:83:0.0487487575173\n",
      "68:96:0.0559609055656\n",
      "68:112:0.0646404729787\n",
      "68:116:0.0492520554199\n",
      "68:133:0.0413823754104\n",
      "69:7:0.0740138274002\n",
      "69:40:0.0483150109135\n",
      "69:45:0.04556588726\n",
      "69:63:0.0552497312958\n",
      "69:76:0.0414878559898\n",
      "69:86:0.043862865357\n",
      "69:87:0.0420443966072\n",
      "69:96:0.0596955700868\n",
      "69:106:0.0556142606777\n",
      "69:116:0.0629268462911\n",
      "69:131:0.0442824968962\n",
      "69:134:0.0411783285914\n",
      "70:123:0.0446039689441\n",
      "71:33:0.0459373309736\n",
      "75:1:0.0659799907189\n",
      "75:9:0.0758593377795\n",
      "75:11:0.0974170828177\n",
      "75:12:0.0796303099285\n",
      "75:26:0.0550490666933\n",
      "75:38:0.0626267587254\n",
      "75:41:0.0538953133457\n",
      "75:58:0.0499967941172\n",
      "75:120:0.0526185621419\n",
      "75:132:0.0606383523921\n",
      "75:133:0.0623026538146\n",
      "76:3:0.0434724392196\n",
      "76:12:0.0423261324972\n",
      "76:69:0.0414878559898\n",
      "76:85:0.0608304578863\n",
      "76:116:0.051498738091\n",
      "76:124:0.0433247785756\n",
      "77:0:0.0407725710642\n",
      "77:5:0.0473388595531\n",
      "77:6:0.0473388595531\n",
      "77:21:0.041554164169\n",
      "77:102:0.118165185504\n",
      "77:109:0.072590081091\n",
      "77:111:0.04889912368\n",
      "77:124:0.0718158308188\n",
      "77:127:0.0434148533105\n",
      "78:11:0.0494374108244\n",
      "78:40:0.0806825179341\n",
      "78:45:0.0434847552503\n",
      "78:112:0.0737925842301\n",
      "78:132:0.0445355199342\n",
      "79:11:0.0494374108244\n",
      "79:40:0.0806825179341\n",
      "79:45:0.0434847552503\n",
      "79:112:0.0737925842301\n",
      "79:132:0.0445355199342\n",
      "80:2:0.0478718266938\n",
      "80:10:0.0526115433816\n",
      "80:11:0.0434082470579\n",
      "80:26:0.0412704972661\n",
      "80:58:0.0808282209337\n",
      "80:61:0.0486567115486\n",
      "80:65:0.116472469467\n",
      "80:112:0.0526050741381\n",
      "80:130:0.0435905299093\n",
      "80:133:0.0770230447304\n",
      "81:24:0.0403842313538\n",
      "82:7:0.0615292505557\n",
      "82:10:0.0412948311735\n",
      "82:11:0.082198477227\n",
      "82:42:0.0830034689882\n",
      "82:45:0.0944584454612\n",
      "82:57:0.0433135933273\n",
      "82:90:0.0462041919536\n",
      "82:97:0.0488616588498\n",
      "82:102:0.0602602894863\n",
      "82:103:0.0789530763569\n",
      "82:104:0.0789530763569\n",
      "82:109:0.0426692959145\n",
      "82:111:0.0537746844413\n",
      "82:122:0.0522402501073\n",
      "82:129:0.0716429349637\n",
      "82:133:0.0452340491951\n",
      "83:3:0.041294986949\n",
      "83:7:0.0651919528107\n",
      "83:42:0.0837830433203\n",
      "83:45:0.0456016878338\n",
      "83:68:0.0487487575173\n",
      "83:109:0.065515337933\n",
      "83:124:0.146872408332\n",
      "83:135:0.17673438804\n",
      "84:23:0.0946862674537\n",
      "84:24:0.0779219612614\n",
      "84:25:0.232367778164\n",
      "84:27:0.0524731267458\n",
      "84:30:0.160460902197\n",
      "84:35:0.0926924413213\n",
      "84:37:0.107444676321\n",
      "84:39:0.0446165533214\n",
      "84:59:0.0500747611303\n",
      "84:86:0.225535124388\n",
      "85:38:0.040561478407\n",
      "85:76:0.0608304578863\n",
      "85:109:0.0524791965809\n",
      "86:7:0.0643054626174\n",
      "86:12:0.0411418020374\n",
      "86:22:0.0458130360301\n",
      "86:23:0.12592031851\n",
      "86:24:0.0547512107209\n",
      "86:25:0.192079724095\n",
      "86:30:0.198725530466\n",
      "86:34:0.0570564145636\n",
      "86:35:0.108687150955\n",
      "86:37:0.184915773572\n",
      "86:39:0.0825753880162\n",
      "86:42:0.0520583013287\n",
      "86:45:0.0719952044982\n",
      "86:48:0.0447525435302\n",
      "86:56:0.0485820499325\n",
      "86:59:0.0498799036378\n",
      "86:64:0.045664343023\n",
      "86:69:0.043862865357\n",
      "86:84:0.225535124388\n",
      "86:116:0.081148190173\n",
      "87:69:0.0420443966072\n",
      "89:16:0.0439235446126\n",
      "89:17:0.0439235446126\n",
      "89:90:0.0436793536241\n",
      "89:91:0.055048418362\n",
      "89:92:0.0424023987325\n",
      "89:108:0.0674082403398\n",
      "89:120:0.0647481538801\n",
      "90:11:0.0508215023701\n",
      "90:16:0.0829726275629\n",
      "90:17:0.0829726275629\n",
      "90:62:0.16445842373\n",
      "90:82:0.0462041919536\n",
      "90:89:0.0436793536241\n",
      "90:91:0.0422766557716\n",
      "90:92:0.0517597012923\n",
      "90:127:0.0554696843559\n",
      "91:22:0.0850352971864\n",
      "91:33:0.14305997894\n",
      "91:89:0.055048418362\n",
      "91:90:0.0422766557716\n",
      "91:92:0.0433752111844\n",
      "91:109:0.166437904375\n",
      "91:127:0.0453318328576\n",
      "92:16:0.0628612675928\n",
      "92:17:0.0628612675928\n",
      "92:58:0.0521341559662\n",
      "92:89:0.0424023987325\n",
      "92:90:0.0517597012923\n",
      "92:91:0.0433752111844\n",
      "92:116:0.0408198894069\n",
      "93:8:0.0441704447215\n",
      "93:15:0.0441010253196\n",
      "93:20:0.123030931764\n",
      "93:128:0.0554288078325\n",
      "94:25:0.0431355702672\n",
      "94:43:0.0412156278046\n",
      "94:45:0.0417063005726\n",
      "94:96:0.0639687521213\n",
      "95:22:0.047098688934\n",
      "96:7:0.0622551943647\n",
      "96:25:0.0537786316497\n",
      "96:45:0.0709638587808\n",
      "96:56:0.310266307345\n",
      "96:68:0.0559609055656\n",
      "96:69:0.0596955700868\n",
      "96:94:0.0639687521213\n",
      "97:1:0.0536893641252\n",
      "97:82:0.0488616588498\n",
      "97:128:0.0499442552182\n",
      "97:129:0.0663274991911\n",
      "97:131:0.0725872590873\n",
      "99:38:0.0410561429537\n",
      "99:41:0.0428902304439\n",
      "99:111:0.0552152373274\n",
      "100:106:0.0678434287106\n",
      "101:106:0.0701873294243\n",
      "101:107:0.106164574754\n",
      "101:126:0.0446160193217\n",
      "102:11:0.0683300309005\n",
      "102:16:0.0444406662985\n",
      "102:17:0.0444406662985\n",
      "102:26:0.0647564524881\n",
      "102:42:0.0402606682449\n",
      "102:62:0.0616006796359\n",
      "102:77:0.118165185504\n",
      "102:82:0.0602602894863\n",
      "102:115:0.0403011526977\n",
      "102:122:0.0521867537603\n",
      "102:124:0.0418115611007\n",
      "102:127:0.0722833414936\n",
      "103:45:0.0491732167017\n",
      "103:57:0.0609006364101\n",
      "103:82:0.0789530763569\n",
      "103:120:0.0513772174872\n",
      "104:45:0.0491732167017\n",
      "104:57:0.0609006364101\n",
      "104:82:0.0789530763569\n",
      "104:120:0.0513772174872\n",
      "105:117:0.0700628067423\n",
      "105:118:0.0700628067423\n",
      "106:18:0.0518792671859\n",
      "106:67:0.0619879646876\n",
      "106:69:0.0556142606777\n",
      "106:100:0.0678434287106\n",
      "106:101:0.0701873294243\n",
      "107:10:0.0552053872962\n",
      "107:101:0.106164574754\n",
      "108:0:0.0403824314164\n",
      "108:11:0.104101279685\n",
      "108:41:0.0803285136696\n",
      "108:56:0.0598755114414\n",
      "108:63:0.0462762032464\n",
      "108:89:0.0674082403398\n",
      "108:116:0.0469747207384\n",
      "108:120:0.0444874701673\n",
      "109:7:0.0942190172961\n",
      "109:22:0.12668014033\n",
      "109:42:0.0848978376092\n",
      "109:61:0.0467848785316\n",
      "109:77:0.072590081091\n",
      "109:82:0.0426692959145\n",
      "109:83:0.065515337933\n",
      "109:85:0.0524791965809\n",
      "109:91:0.166437904375\n",
      "109:124:0.0634496717294\n",
      "109:135:0.0579831943992\n",
      "110:40:0.0562474171987\n",
      "111:7:0.0711185012591\n",
      "111:38:0.0629573787995\n",
      "111:45:0.0433967212277\n",
      "111:52:0.0402366568498\n",
      "111:62:0.0402079300099\n",
      "111:64:0.0427776563616\n",
      "111:77:0.04889912368\n",
      "111:82:0.0537746844413\n",
      "111:99:0.0552152373274\n",
      "111:124:0.0405310821807\n",
      "112:9:0.0506146459482\n",
      "112:11:0.0611985974765\n",
      "112:26:0.0753744878612\n",
      "112:58:0.123126293474\n",
      "112:68:0.0646404729787\n",
      "112:78:0.0737925842301\n",
      "112:79:0.0737925842301\n",
      "112:80:0.0526050741381\n",
      "112:115:0.0573421237439\n",
      "112:130:0.045568102489\n",
      "112:133:0.109815517144\n",
      "113:7:0.0606974608056\n",
      "113:22:0.0429833688425\n",
      "113:58:0.0408421535768\n",
      "113:62:0.0424501181358\n",
      "113:63:0.0408743411391\n",
      "113:123:0.0449199497721\n",
      "113:128:0.103238664571\n",
      "113:131:0.0675529814587\n",
      "114:18:0.0449705644479\n",
      "115:11:0.0972477863952\n",
      "115:41:0.0661445766875\n",
      "115:57:0.0405615909935\n",
      "115:102:0.0403011526977\n",
      "115:112:0.0573421237439\n",
      "116:12:0.0531448577348\n",
      "116:34:0.0436173912292\n",
      "116:37:0.0656162646911\n",
      "116:45:0.0529891077138\n",
      "116:50:0.0411882072229\n",
      "116:58:0.0402516611896\n",
      "116:68:0.0492520554199\n",
      "116:69:0.0629268462911\n",
      "116:76:0.051498738091\n",
      "116:86:0.081148190173\n",
      "116:92:0.0408198894069\n",
      "116:108:0.0469747207384\n",
      "116:126:0.0611953385651\n",
      "116:133:0.0494609923161\n",
      "117:23:0.0439674630022\n",
      "117:52:0.0407133509307\n",
      "117:65:0.0500046971863\n",
      "117:105:0.0700628067423\n",
      "118:23:0.0439674630022\n",
      "118:52:0.0407133509307\n",
      "118:65:0.0500046971863\n",
      "118:105:0.0700628067423\n",
      "120:33:0.0475634265151\n",
      "120:75:0.0526185621419\n",
      "120:89:0.0647481538801\n",
      "120:103:0.0513772174872\n",
      "120:104:0.0513772174872\n",
      "120:108:0.0444874701673\n",
      "121:13:0.0437715739817\n",
      "122:44:0.0825404575062\n",
      "122:82:0.0522402501073\n",
      "122:102:0.0521867537603\n",
      "123:9:0.0533389261897\n",
      "123:26:0.0417561063919\n",
      "123:54:0.086912334358\n",
      "123:58:0.0419887396061\n",
      "123:70:0.0446039689441\n",
      "123:113:0.0449199497721\n",
      "123:131:0.0400825043242\n",
      "123:133:0.0522692739885\n",
      "124:7:0.059534090496\n",
      "124:76:0.0433247785756\n",
      "124:77:0.0718158308188\n",
      "124:83:0.146872408332\n",
      "124:102:0.0418115611007\n",
      "124:109:0.0634496717294\n",
      "124:111:0.0405310821807\n",
      "124:135:0.139791564321\n",
      "126:21:0.0724725668359\n",
      "126:49:0.0461495359803\n",
      "126:101:0.0446160193217\n",
      "126:116:0.0611953385651\n",
      "127:2:0.0401971925671\n",
      "127:11:0.0631111791754\n",
      "127:12:0.0434507929538\n",
      "127:57:0.0543391145461\n",
      "127:58:0.0461029271869\n",
      "127:61:0.0599837607643\n",
      "127:62:0.0644914277074\n",
      "127:77:0.0434148533105\n",
      "127:90:0.0554696843559\n",
      "127:91:0.0453318328576\n",
      "127:102:0.0722833414936\n",
      "128:15:0.0403098667388\n",
      "128:21:0.0695714424761\n",
      "128:49:0.0594066138091\n",
      "128:67:0.0418255253818\n",
      "128:93:0.0554288078325\n",
      "128:97:0.0499442552182\n",
      "128:113:0.103238664571\n",
      "128:129:0.0968233026404\n",
      "129:21:0.0818467568005\n",
      "129:82:0.0716429349637\n",
      "129:97:0.0663274991911\n",
      "129:128:0.0968233026404\n",
      "130:26:0.0444378254334\n",
      "130:55:0.0443617838245\n",
      "130:58:0.0689700430996\n",
      "130:65:0.0440223987096\n",
      "130:80:0.0435905299093\n",
      "130:112:0.045568102489\n",
      "130:133:0.0471705522258\n",
      "131:69:0.0442824968962\n",
      "131:97:0.0725872590873\n",
      "131:113:0.0675529814587\n",
      "131:123:0.0400825043242\n",
      "132:9:0.0420326519227\n",
      "132:55:0.0582077338014\n",
      "132:58:0.0431771770081\n",
      "132:65:0.0537930557921\n",
      "132:75:0.0606383523921\n",
      "132:78:0.0445355199342\n",
      "132:79:0.0445355199342\n",
      "133:9:0.0449274272136\n",
      "133:11:0.0581968676021\n",
      "133:12:0.0455378498444\n",
      "133:26:0.0975613610076\n",
      "133:43:0.0477018709882\n",
      "133:55:0.0743832147075\n",
      "133:58:0.122906226749\n",
      "133:65:0.0483174669143\n",
      "133:68:0.0413823754104\n",
      "133:75:0.0623026538146\n",
      "133:80:0.0770230447304\n",
      "133:82:0.0452340491951\n",
      "133:112:0.109815517144\n",
      "133:116:0.0494609923161\n",
      "133:123:0.0522692739885\n",
      "133:130:0.0471705522258\n",
      "134:3:0.0685754565728\n",
      "134:10:0.0403170120008\n",
      "134:65:0.0401763790365\n",
      "134:69:0.0411783285914\n",
      "135:0:0.0517344593234\n",
      "135:7:0.0768652661529\n",
      "135:42:0.0615198647197\n",
      "135:83:0.17673438804\n",
      "135:109:0.0579831943992\n",
      "135:124:0.139791564321\n",
      "136:26:0.0441988892132\n"
     ]
    }
   ],
   "source": [
    "xx,yy=result.shape\n",
    "\n",
    "fp = open(\"C:/Users/orozcohsu/text source/edge.tmp.csv\",'w', encoding='utf-8')\n",
    "\n",
    "node=[]\n",
    "del str\n",
    "\n",
    "#Geiph edge.tmp.csv\n",
    "for x in range(0,xx):\n",
    "    for y in range(0,yy):\n",
    "        if result[x,y] < 0.99:\n",
    "            if result[x,y] > 0.04 and x != y:\n",
    "                print(str(x) + \":\" + str(y) + \":\" + str(result[x,y]))\n",
    "                fp.write(str(x) + \",\" + str(y) + \"\\n\")\n",
    "                node.append(str(x))\n",
    "            \n",
    "fp.close()\n"
   ]
  },
  {
   "cell_type": "code",
   "execution_count": 92,
   "metadata": {
    "collapsed": true
   },
   "outputs": [],
   "source": [
    "#Geiph edge.csv\n",
    "import numpy as np\n",
    "\n",
    "fp = open(\"C:/Users/orozcohsu/text source/edge.csv\",'w', encoding='utf-8')\n",
    "switch_pair=[]\n",
    "\n",
    "#delete duplicates\n",
    "with codecs.open('C:/Users/orozcohsu/text source/edge.tmp.csv', 'r',encoding='utf8') as f:\n",
    "    for line in f:\n",
    "        a,b = line.split(',')\n",
    "        k = str(a.strip() + \",\" + b.strip())\n",
    "        s = str(b.strip()) + \",\" + str(a.strip())\n",
    "        switch_pair.append(s)\n",
    "        if k in switch_pair:\n",
    "            #print(line.strip())\n",
    "            fp.write(line.strip() + \"\\n\")\n",
    "\n",
    "fp.close()"
   ]
  },
  {
   "cell_type": "code",
   "execution_count": 93,
   "metadata": {},
   "outputs": [],
   "source": [
    "article=0\n",
    "token=[]\n",
    "score=[]\n",
    "\n",
    "#Geiph node.csv\n",
    "fp = open(\"C:/Users/orozcohsu/text source/node.csv\",'w', encoding='utf-8')\n",
    "\n",
    "with codecs.open('C:/Users/orozcohsu/text source/20170424_120002_node.tmp.csv', 'r',encoding='utf8') as f:\n",
    "    for line in f:\n",
    "        a,b,c = line.split(',')\n",
    "        if article == int(a):\n",
    "            token.append('%s,%s' % (b.strip(),c.strip()))\n",
    "            score.append(float(c))\n",
    "        else:\n",
    "            #print(token)\n",
    "            m = max(score)\n",
    "            #print(\"max:\" + str(m))\n",
    "            for x in token:\n",
    "                #print(\"x:\" + x)\n",
    "                mm = x.split(',')[1]\n",
    "                if float(m) == float(mm):\n",
    "                    #only match the first highest score token as node label\n",
    "                    #print(\"match max:\" + x.split(',')[0])\n",
    "                    fp.write('%s,%s\\n' % (article,x.split(',')[0]))\n",
    "                    break\n",
    "            article = article+1\n",
    "            del token[:]\n",
    "            del score[:]\n",
    "            token.append('%s,%s' % (b.strip(),c.strip()))\n",
    "            score.append(float(c))\n",
    "\n",
    "fp.close()"
   ]
  },
  {
   "cell_type": "code",
   "execution_count": null,
   "metadata": {
    "collapsed": true
   },
   "outputs": [],
   "source": []
  }
 ],
 "metadata": {
  "kernelspec": {
   "display_name": "Python [test-python-35]",
   "language": "python",
   "name": "Python [test-python-35]"
  },
  "language_info": {
   "codemirror_mode": {
    "name": "ipython",
    "version": 3
   },
   "file_extension": ".py",
   "mimetype": "text/x-python",
   "name": "python",
   "nbconvert_exporter": "python",
   "pygments_lexer": "ipython3",
   "version": "3.5.3"
  }
 },
 "nbformat": 4,
 "nbformat_minor": 2
}
